function [ ] = Plot_Color_Ni_Data( )
%%%

LENApr = [66.5701034147939,62.4781364084116,60.3213022308652,59.1888595321000,54.5192040042166,52.7499249905981,51.6610530009494,51.1764797851233,51.1755445446878,51.1756336065288,51.1755668099768,51.1754666170751,51.1756113408973,51.1761234793042,51.1762125530185,51.1759898721581];
LENApy = [70.0605256938010,66.4955691990786,64.7831816364659,63.6137248627044,62.5793836431559,61.0825872407328,60.0151211821194,59.1361263020600,57.7381909871545,56.7962166377056,56.0350393679321,55.3313116384920,54.7534940928464,53.9978462235657,53.2988777586120,52.7416944017500];
LENAbr = [0.00499725341796875,0.00999832153320313,0.0149993896484375,0.0199966430664063,0.0249977111816406,0.0299987792968750,0.0349998474121094,0.0377273559570313,0.0377273559570313,0.0377273559570313,0.0377273559570313,0.0377273559570313,0.0377273559570313,0.0377273559570313,0.0377273559570313,0.0377273559570313];
LENAby = [0.00499725341796875,0.00999832153320313,0.0149993896484375,0.0199966430664063,0.0249977111816406,0.0299987792968750,0.0349998474121094,0.0399971008300781,0.0449981689453125,0.0499992370605469,0.0549964904785156,0.0599975585937500,0.0649986267089844,0.0699996948242188,0.0749969482421875,0.0799980163574219];
%--------------------------------------------------------------------------
PLANEpr = [64.0129047663726,62.2620748466652,60.3025957885068,59.6785012038127,59.3191690945438,59.1094097983205,58.7760153025881,58.3674852024346,56.9220541586969,56.1844115089724,55.8977285278029,55.7377436320081,55.6091995758760,55.4505252906505,55.2700939471332,54.9455757670347,54.2068467858836,54.0317307512038,53.8841658327871,53.7966517542005,53.7971607021922,53.7947182955972,53.7955933333890,53.7955322785193,53.7968349686067,53.7942096337330,53.7936196605980,53.7942096337330,53.7981787771409,53.7954305223104,53.7953084180067,53.7971607021922,53.7993600431491,53.7922772618028,53.7965296155569,53.7927856973776,53.7958986206134,53.7987082704467,53.7948607315960,53.7949828233131,53.7955119270868,53.7923992809124,53.7979955060363,53.7954508733614,53.7983416912824,53.7949421256927,53.7930907872962,53.7934162401676,53.7953898204944,53.7955729816704,53.7992378283163,53.7955933333890,53.7950642196981,53.7939451531062,53.7951252679880,53.7962446387460,53.7952066670428,53.7940061856675,53.7966517542005,53.7963260587839,53.7968146110688,53.7959189738581,53.7932738515354,53.7956136852030,53.7966110409376,53.7955526300471,53.7948810799771,53.7943113613398,53.7951252679880,53.7967331818713,53.7944537839927,53.7947589911202,53.7973642980902,53.7958172085886,53.7951049184627,53.7951456176087,53.7975271816810,53.7936400031651,53.7980565955452,53.7960003877907,53.7990952486915,53.7958782674641,53.7947589911202,53.7928467136468]+5;
PLANEpy = [72.7019918875312,70.4438166298809,69.0168029762200,67.9886471954884,67.2161176987934,66.5543255641514,65.8404172860712,65.2638395777470,64.6989285717690,64.2462676913746,63.7924196177639,63.3623457417634,63.0033195907080,62.6416591463683,62.3017504194539,61.9720575119428,61.6787422120613,61.3652070317396,61.0333951338442,60.5857977526851,59.6957282355815,58.9165236811697,58.4776304473414,58.2488712549646,58.0761028618386,57.8893151736904,57.7272570947216,57.5554258762942,57.4023524044725,57.2536787310533,57.1173980949791,56.9556291450190,56.8217150457867,56.6878835534176,56.5992309445066,56.4980331737731,56.4336725571152,56.3485463301866,56.2618593747186,56.1799689589832,56.1057562537708,56.0121274993286,55.9034783224317,55.7881651985126,55.7050833204962,55.6126617894376,54.9724455724779,54.7105707861501,54.4750722603512,54.2155810978917,54.0275853566578,53.9384461649376,53.8385231733549,53.7334181414114,53.6507303571092,53.5903866812857,53.5437183164324,53.4754462047262,53.3228685706569,53.1846720170330,53.0792561955595,52.9602401757824,52.7721052178916,52.6503587364701,52.5607665979135,52.4872218815285,52.4127254684503,52.3585058012343,52.3081324539558,52.2612517813840,52.2195130300539,52.1709834401722,52.1282827580040,52.0879203344198,52.0444333972129,52.0051087771324,51.9666178623655,51.9103376428629,51.7943312102124,51.3628933646724,51.2834350621900,51.2208673119930,51.1830655690943,51.1808023208025];
PLANEbr = [0.00499725341796875,0.00999832153320313,0.0149993896484375,0.0199966430664063,0.0249977111816406,0.0299987792968750,0.0349998474121094,0.0399971008300781,0.0449981689453125,0.0499992370605469,0.0549964904785156,0.0599975585937500,0.0649986267089844,0.0699996948242188,0.0749969482421875,0.0799980163574219,0.0849990844726563,0.0899963378906250,0.0949974060058594,0.0999984741210938,0.100009918212891,0.100009918212891,0.100009918212891,0.100009918212891,0.100009918212891,0.100009918212891,0.100009918212891,0.100009918212891,0.100009918212891,0.100009918212891,0.100009918212891,0.100009918212891,0.100009918212891,0.100009918212891,0.100009918212891,0.100009918212891,0.100009918212891,0.100009918212891,0.100009918212891,0.100009918212891,0.100009918212891,0.100009918212891,0.100009918212891,0.100009918212891,0.100009918212891,0.100009918212891,0.100009918212891,0.100009918212891,0.100009918212891,0.100009918212891,0.100009918212891,0.100009918212891,0.100009918212891,0.100009918212891,0.100009918212891,0.100009918212891,0.100009918212891,0.100009918212891,0.100009918212891,0.100009918212891,0.100009918212891,0.100009918212891,0.100009918212891,0.100009918212891,0.100009918212891,0.100009918212891,0.100009918212891,0.100009918212891,0.100009918212891,0.100009918212891,0.100009918212891,0.100009918212891,0.100009918212891,0.100009918212891,0.100009918212891,0.100009918212891,0.100009918212891,0.100009918212891,0.100009918212891,0.100009918212891,0.100009918212891,0.100009918212891,0.100009918212891,0.100009918212891];
PLANEby = [0.00499725341796875,0.00999832153320313,0.0149993896484375,0.0199966430664063,0.0249977111816406,0.0299987792968750,0.0349998474121094,0.0399971008300781,0.0449981689453125,0.0499992370605469,0.0549964904785156,0.0599975585937500,0.0649986267089844,0.0699996948242188,0.0749969482421875,0.0799980163574219,0.0849990844726563,0.0899963378906250,0.0949974060058594,0.0999984741210938,0.104999542236328,0.109996795654297,0.114997863769531,0.119998931884766,0.125000000000000,0.129997253417969,0.134998321533203,0.139999389648438,0.144996643066406,0.149997711181641,0.154998779296875,0.159999847412109,0.164997100830078,0.169998168945313,0.174999237060547,0.179996490478516,0.184997558593750,0.189998626708984,0.194999694824219,0.199996948242188,0.204998016357422,0.209999084472656,0.214996337890625,0.219997406005859,0.224998474121094,0.229999542236328,0.234996795654297,0.239997863769531,0.244998931884766,0.250000000000000,0.254997253417969,0.259998321533203,0.264999389648438,0.269996643066406,0.274997711181641,0.279998779296875,0.284999847412109,0.289997100830078,0.294998168945313,0.299999237060547,0.304996490478516,0.309997558593750,0.314998626708984,0.319999694824219,0.324996948242188,0.329998016357422,0.334999084472656,0.339996337890625,0.344997406005859,0.349998474121094,0.354999542236328,0.359996795654297,0.364997863769531,0.369998931884766,0.375000000000000,0.379997253417969,0.384998321533203,0.389999389648438,0.394996643066406,0.399997711181641,0.404998779296875,0.409999847412109,0.414997100830078,0.415065765380859];
%--------------------------------------------------------------------------
SAILBOATpr = [60.5676532182673,58.8796916295872,56.0161791166705,53.5168051616909,52.9030600035553,52.8433690709000,52.7802809326206,52.7090856168823,52.6241566667033,52.5468216518764,52.5474476025237,52.5464858131087,52.5465926680814,52.5456921156071,52.5469743144474,52.5447459735085,52.5478751328652,52.5477835156774];
